0 0.2484375 0.2921875 0.196875 0.2265625
0 0.40625 0.078125 0.1453125 0.1515625
0 0.5671875 0.1125 0.1625 0.1640625
0 0.4265625 0.4796875 0.1265625 0.1515625
0 0.41875 0.675 0.1375 0.171875
0 0.58125 0.6953125 0.159375 0.15625
0 0.4265625 0.8859375 0.15625 0.171875
0 0.5859375 0.896875 0.1578125 0.1828125
0 0.2375 0.66875 0.178125 0.2390625
0 0.578125 0.50625 0.1671875 0.165625
0 0.5796875 0.30625 0.1640625 0.159375
0 0.409375 0.275 0.125 0.15625
0 0.753125 0.1 0.1859375 0.1890625
0 0.771875 0.4875 0.18125 0.234375
0 0.765625 0.9 0.1703125 0.1953125