0 0.2859375 0.471875 0.178125 0.2953125
0 0.925 0.5171875 0.1484375 0.3046875
0 0.8328125 0.334375 0.1125 0.2015625
0 0.6125 0.3015625 0.0703125 0.096875
1 0.6625 0.284375 0.04375 0.103125
1 0.703125 0.2796875 0.059375 0.0921875
1 0.4171875 0.465625 0.0921875 0.209375
1 0.34375 0.075 0.046875 0.078125
1 0.4375 0.0734375 0.053125 0.1046875
1 0.671875 0.071875 0.05625 0.09375
1 0.7765625 0.046875 0.1015625 0.0921875
1 0.8515625 0.065625 0.046875 0.0671875
1 0.90625 0.059375 0.05625 0.0703125
1 0.97734375 0.0828125 0.0453125 0.05625
1 0.471875 0.253125 0.06875 0.0765625
1 0.325 0.2375 0.0453125 0.0828125
1 0.259375 0.2375 0.0453125 0.109375
1 0.19375 0.2375 0.053125 0.0984375