0 0.2265625 0.34765625 0.3375 0.3984375
0 0.325 0.19375 0.2765625 0.3203125
1 0.596875 0.0453125 0.09375 0.090625
1 0.675 0.01328125 0.059375 0.0265625
1 0.51875 0.0296875 0.059375 0.059375
1 0.728125 0.01796875 0.10625 0.0359375
1 0.446875 0.059375 0.065625 0.0734375
1 0.4578125 0.159375 0.0859375 0.1015625
1 0.040625 0.3703125 0.08125 0.1125
1 0.03203125 0.384375 0.0640625 0.11875
1 0.01640625 0.39296875 0.0328125 0.1109375
1 0.38671875 0.0640625 0.0671875 0.0796875
1 0.403125 0.13203125 0.046875 0.05625
1 0.35 0.08828125 0.0640625 0.0828125
1 0.21953125 0.1625 0.0609375 0.06875