0 0.665625 0.234375 0.190625 0.3515625
0 0.5046875 0.146875 0.1640625 0.2734375
1 0.190625 0.14375 0.059375 0.0875
1 0.1 0.1390625 0.0328125 0.065625
1 0.2515625 0.090625 0.028125 0.071875
1 0.046875 0.153125 0.065625 0.1015625
1 0.3328125 0.0890625 0.0390625 0.0625
1 0.371875 0.18125 0.05 0.0890625
1 0.946875 0.115625 0.05 0.1296875
1 0.84375 0.1625 0.05 0.1015625
1 0.865625 0.165625 0.04375 0.1109375
1 0.89375 0.159375 0.0390625 0.10625
1 0.9875 0.1109375 0.025 0.121875
1 0.3875 0.0640625 0.0375 0.0703125
1 0.40625 0.13125 0.0265625 0.05
1 0.43125 0.0671875 0.0296875 0.0765625
1 0.58125 0.06875 0.0390625 0.0578125