0 0.8171875 0.753125 0.1703125 0.196875
0 0.275 0.4703125 0.121875 0.1546875
0 0.44296875 0.59921875 0.1015625 0.1359375
0 0.59765625 0.50390625 0.075 0.1234375
0 0.67734375 0.54921875 0.03125 0.04375
0 0.61640625 0.56015625 0.028125 0.0421875
0 0.64375 0.6515625 0.06875 0.0921875
0 0.56015625 0.71015625 0.125 0.1515625
1 0.33203125 0.46171875 0.05 0.0859375
1 0.35859375 0.55625 0.0640625 0.084375
1 0.30546875 0.67578125 0.1375 0.2078125
0 0.51171875 0.4125 0.01875 0.021875
0 0.71328125 0.51171875 0.025 0.040625
0 0.73671875 0.51015625 0.0234375 0.034375
0 0.7625 0.4328125 0.0140625 0.0234375
0 0.39375 0.40703125 0.0171875 0.0296875
0 0.35546875 0.40625 0.0140625 0.021875
0 0.34140625 0.39296875 0.021875 0.028125
0 0.83046875 0.45625 0.0140625 0.021875
0 0.90703125 0.4796875 0.0171875 0.021875
0 0.80390625 0.50078125 0.021875 0.03125
1 0.80625 0.52734375 0.0171875 0.025
0 0.9171875 0.53125 0.0234375 0.034375
0 0.865625 0.559375 0.03125 0.040625
0 0.8921875 0.4609375 0.015625 0.01875
0 0.81875 0.45234375 0.0125 0.0171875
1 0.73359375 0.4296875 0.0125 0.0171875
0 0.77734375 0.5890625 0.034375 0.0453125
0 0.7625 0.55234375 0.0265625 0.0390625
0 0.73515625 0.61171875 0.04375 0.0625
1 0.94765625 0.51328125 0.025 0.03125
0 0.98828125 0.5625 0.0234375 0.0375