0 0.746875 0.7640625 0.015625 0.028125
0 0.4 0.534375 0.0125 0.015625
0 0.3828125 0.525 0.0109375 0.0109375
0 0.534375 0.5890625 0.009375 0.0171875
0 0.64375 0.5953125 0.0109375 0.0171875
0 0.825 0.765625 0.0125 0.0234375
1 0.84375 0.828125 0.01875 0.028125
1 0.853125 0.890625 0.015625 0.028125
0 0.9328125 0.6625 0.009375 0.01875
0 0.8359375 0.525 0.00625 0.0125
0 0.828125 0.515625 0.00625 0.0109375
0 0.7671875 0.49375 0.0046875 0.0078125
0 0.9 0.51875 0.0046875 0.0046875
0 0.5046875 0.48125 0.00625 0.009375
0 0.4421875 0.51875 0.00625 0.0078125
1 0.459375 0.5203125 0.0046875 0.0109375