0 0.5796875 0.321875 0.0390625 0.0546875
0 0.403125 0.259375 0.0234375 0.046875
0 0.296875 0.2078125 0.03125 0.0546875
0 0.70625 0.40625 0.0140625 0.03125
0 0.634375 0.3734375 0.0125 0.0359375
0 0.475 0.3 0.0125 0.0296875
0 0.5421875 0.328125 0.015625 0.040625
0 0.4890625 0.3015625 0.0140625 0.034375
0 0.809375 0.45625 0.01875 0.034375
1 0.671875 0.378125 0.021875 0.0484375
1 0.796875 0.446875 0.009375 0.0390625
1 0.84375 0.465625 0.015625 0.0375
0 0.10625 0.165625 0.034375 0.0609375
1 0.075 0.159375 0.0296875 0.0671875