0 0.56796875 0.27421875 0.053125 0.08125
0 0.4359375 0.3078125 0.0421875 0.065625
0 0.5140625 0.26953125 0.0515625 0.090625
0 0.25390625 0.35703125 0.01875 0.0359375
0 0.27890625 0.3421875 0.015625 0.021875
0 0.32890625 0.3375 0.015625 0.0359375
0 0.84453125 0.2828125 0.0609375 0.0890625
0 0.7453125 0.3265625 0.0140625 0.0234375
0 0.690625 0.315625 0.0140625 0.0171875
1 0.1953125 0.34921875 0.0359375 0.059375
0 0.38828125 0.334375 0.021875 0.0328125
0 0.65703125 0.31875 0.0109375 0.015625
0 0.60703125 0.30859375 0.0203125 0.0265625